14
0.24 0 0
0 0
0 0 1
0 0.75 0
0.20 0.5 0
0 0
0 0 1
0 0.75 0
0.10 0.8 0
0 0
0 0 1
0.5 0.75 0.0
0 1 0
0 0
0 0 1
0.8 0.55 0.2
-0.10 0.8 0
0 0
0 0 1
0.5 0.75 0.0
-0.20 0.5 0
0 0
0 0 1
0 0.75 0
-0.24 0 0
0 0
0 0 1
0 0.75 0
-0.24 0 0
0 0
0 0 -1
0 0.75 0
-0.20 0.5 0
0 0
0 0 -1
0 0.75 0
-0.10 0.8 0
0 0
0 0 -1
0.5 0.75 0.4
0 1 0
0 0
0 0 -1
0.8 0.55 0.2
0.10 0.8 0
0 0
0 0 -1
0.5 0.75 0.4
0.20 0.5 0
0 0
0 0 -1
0 0.75 0
0.24 0 0
0 0
0 0 -1
0 0.75 0
30
0 
1 
5 
0 
5 
6 
1 
2 
5 
2 
4 
5 
2 
3 
4
7 
8 
12
7 
12 
13 
8 
9 
12 
9 
11 
12 
9 
10 
11